48
-51
-89
-20
31
-35
73
-87
4
-17
-11
87
84
-44
-38
31
41
-44
-10
55
73
-82
-6
58
15
20
-41
-46
-40
-35
-97
96
84
-28
98
-28
94
-99
19
8
-78
48
78
54
11
-66
64
-37
-50
40
-21
-61
-50
-16
-3
27
28
-41
60
29
-85
77
-48
-66
-74
86
28
-52
47
50
-61
-45
68
-35
-61
14
-8
13
-63
43
75
-93
-7
-25
-65
40
87
-71
48
-96
47
-21
23
-76
-35
-70
-52
89
-30
55
69
14
-60
53
87
-100
-63
-5
-81
-66
-8
-52
-66
7
-20
-15
95
18
53
-39
-18
-27
-3
-33
-41
47
-4
89
-48
-88
16
-39
84
-64
-84
76
-35
71
4
-17
-27
20
-94
-78
25
17
9
-35
75
-100
28
63
74
32
1
45
72
-31
95
79
88
47
-39
22
-46
18
86
34
-52
60
30
80
-66
-100
92
-31
34
70
43
-27
-57
15
-2
-50
-47
87
-49
-62
-42
-9
-13
7
47
-54
25
19
17
-64
-99
-28
-97
93
94
81
78
17
72
28
84
56
46
-9
-26
-95
-32
27
-11
44
-36
24
-84
-43
-12
95
-71
5
36
51
-35
-65
-97
-91
2
-16
-43
-81
-96
-80
-29
-56
76
-27
7
94
-51
22
-90
-86
36
-51
35
93
-32
38
38
-39
66
76
-80
-6
28
91
-58
3
-39
32
73
-83
81
36
73
81
-76
63
-55
-49
40
-94
19
-41
33
85
41
-83
67
-98
-27
-38
-73
-5
14
61
-72
71
48
-32
33
-40
-58
-34
-91
2
-74
83
-78
-60
-47
52
90
79
-99
62
-8
47
-39
-86
-4
-54
53
38
-13
-2
-92
78
54
-96
-33
17
12
-42
-49
65
71
-3
-10
-30
-96
-98
10
-53
96
-92
63
42
-67
-7
-96
-62
53
-42
-62
64
-95
-47
77
20
-95
49
96
58
-48
69
40
-33
-52
90
-28
97
4
-13
32
16
-2
-69
92
73
76
-98
-7
-56
-78
-3
-25
-35
-97
-16
-98
40
-50
86
-65
7
80
49
-19
-34
-81
-36
86
29
33
70
40
53
79
56
-54
-76
-87
10
-32
-15
41
52
74
17
24
56
98
-56
-96
-19
-72
3
40
-75
35
17
-35
24
70
-62
75
-62
-83
80
24
-32
59
18
-15
72
-6
-24
28
30
85
88
81
43
-35
-65
-27
-17
-9
-37
-28
-33
38
-99
82
-62
82
-76
-57
77
44
-20
-35
71
20
-34
63
-66
26
-95
31
96
86
-98
28
30
-60
-15
-25
19
7
11
-32
-38
-63
36
74
77
36
-10
7
-86
-48
45
-95
72
82
-29
-49
-65
45
56
40
-83
-33
78
-49
77
42
-22
-86
34
-18
7
-79
58
40
-84
-88
-75
25
54
-71
85
78
-88
89
55
-33
-26
69
15
38
74
97
98
-43
69
-60
21
52
95
-12
99
-10
-94
57
99
88
9
-7
-56
85
-82
64
65
-79
0
-31
65
-32
-53
53
66
-87
42
-18
26
-28
23
-95
-48
-59
-93
-2
63
-51
-87
-58
25
-52
69
-24
-49
44
11
-9
-92
53
-7
-52
-46
97
-58
67
28
43
52
5
98
32
-88
89
67
-62
-5
-97
-75
-67
-32
-21
96
88
78
-94
56
18
96
-67
49
87
24
-97
45
77
-62
-44
81
-49
-4
7
62
-27
68
-64
43
-18
-39
-47
-65
11
-29
-4
-60
65
31
91
71
-21
-93
-85
28
-54
-56
93
79
-30
92
-6
37
34
-17
-69
49
-41
-18
-77
-54
-19
-85
81
-71
76
46
-51
-55
90
-44
22
-49
-13
-66
-82
-71
82
-99
43
-93
67
32
-13
60
-1
48
51
55
-54
-61
-84
69
52
-92
-69
-96
34
-12
75
-13
64
2
16
93
-74
6
-77
-28
-84
67
5
62
-45
-46
-38
58
-70
19
-92
77
97
39
-79
81
-50
33
-22
-8
-78
10
-72
-82
38
60
-91
-4
15
-34
93
-23
-37
47
-81
-53
-56
-26
99
51
88
29
-86
-65
50
-11
37
-80
-9
29
-53
52
-9
12
90
-34
1
-50
65
-79
84
-68
-65
44
12
-5
-28
-57
76
-73
35
-61
-12
1
64
-48
-17
-5
20
-48
-20
-100
17
-88
-1
46
-84
55
84
-19
71
39
87
66
-73
1
82
-10
73
69
84
-46
-28
-81
83
-93
-29
-12
-18
11
-70
-37
-39
-6
33
65
53
20
-22
-99
27
99
-69
51
-27
-75
-95
92
2
25
25
-62
52
-77
-68
-55
0
-41
-58
56
65
42
-93
79
-88
36
-17
-85
69
-15
-80
5
-93
94
67
17
-69
-39
15
17
71
-70
18
1
8
-50
54
-66
55
-14
-65
56
-11
60
-21
47
0
-20
-49
41
-22
-86
18
17
-17
26
-39
-13
67
18
87
4
-99
-28
-51
-73
68
22
85
18
13
-81
-81
-65
-58
68
-73
-34
2
-47
-4
96
49
-85
-91
-10
11
65
9
-32
42
11
-85
-87
81
99
-15
88
28
33
88
-14
53
26
-99
74
-8
80
-38
-70
-12
-20
67
-61
-81
32
12
73
12
-55
-39
18
76
-30
9
-3
38
-4
48
-73
92
-15
-96
-64
20
16
3
-4
79
50
-8
54
-22
-93
-65
-9
62
44
-22
60
62
-19
11
-75
-100
-47
60
82
-55
82
71
-72
0
-62
18
-47
-99
67
-82
90
23
-89
-3
14
-42
81
-59
71
51
76
-19
-84
-92
-30
99
46
-48
-76
16
53
-51
-15
-31
-40
-45
-30
11
98
-100
42
65
-73
-37
-86
61
85
31
50
-95
64
-22
84
25
-10
-94
27
7
97
51
9
-71
67
-10
-43
43
91
-13
-45
61
37
38
70
18
-72
-79
89
-52
-7
94
11
-26
21
95
88
-40
-52
36
20
-15
57
8
10
-36
-82
-71
-13
-95
60
-86
-13
-58
-88
86
77
-30
25
43
-10
87
-11
89
23
-39
-13
-66
36
-81
60
39
41
-35
-61
53
52
-77
-29
-71
-50
-90
-72
-51
59
-79
13
49
18
8
76
7
70
0
13
-36
34
-18
6
19
59
-21
-8
-89
-81
89
66
-4
-21
36
-33
-61
-70
-65
-54
-48
-14
98
-6
66
9
-10
-16
71
45
-43
21
-55
56
-31
-39
-47
2
23
22
-2
24
54
-37
90
91
-38
28
42
-4
-32
-81
24
-69
38
81
70
-74
33
-9
-8
22
-55
-47
-9
70
-91
-64
-58
77
78
-64
43
-85
3
1
35
-73
17
87
-14
-17
53
-78
-49
-23
-33
88
-8
94
-12
5
-90
-73
24
-35
95
7
-10
-80
-4
96
87
60
-41
17
66
-31
-4
5
93
-19
96
7
-63
-96
-14
65
35
-47
4
-68
36
-1
77
-94
71
45
23
79
-78
-19
9
62
-37
29
32
8
-56
38
-65
15
-69
-95
-89
40
-64
76
-68
55
-91
98
-97
52
-67
-87
97
-92
24
5
99
83
-29
-78
95
76
31
30
-6
-69
57
-3
24
9
-43
-18
-44
71
32
-93
-85
15
81
-82
52
19
42
22
-2
96
-63
-55
-82
93
-35
19
67
46
-48
45
-40
-2
72
-95
93
-47
89
98
90
-81
99
-8
-46
-12
51
-32
-1
-52
96
27
32
-44
-27
-99
-68
44
70
85
89
32
-72
45
-98
-2
2
-17
65
73
66
-1
-26
-4
-27
40
-76
27
-73
-98
-59
27
51
-85
-61
-94
-25
-83
-14
-23
-80
-76
-83
22
-3
-39
88
29
-22
-6
-65
7
12
3
90
59
36
-74
71
-32
-55
-5
-94
13
30
59
-38
-33
14
85
83
58
-9
99
27
99
-46
-57
91
-62
-43
-33
37
93
-93
33
21
22
-62
7
5
-41
30
75
88
-84
94
14
-45
55
99
33
-93
-62
25
39
15
52
11
90
-69
-26
-17
-62
-3
55
-13
-52
8
-52
-5
7
59
-21
89
90
-42
-42
-89
17
48
46
91
14
-73
-19
64
35
29
-35
45
86
27
23
44
46
21
-13
41
58
57
54
36
-71
-27
-14
70
-28
-91
47
52
39
62
31
75
-10
50
7
-24
-60
48
-54
-86
-65
-65
96
39
48
-17
-37
79
86
-100
98
-47
-79
96
-82
57
-44
-5
57
82
69
25
-41
69
86
97
85
86
-67
22
-98
-72
-31
-100
-75
29
43
-16
12
-77
-92
-52
-13
-2
69
-2
44
6
-72
-5
58
-67
-26
-11
42
-97
-77
7
-14
70
-21
-39
-9
34
48
77
2
-95
59
28
-22
8
47
29
-3
-42
46
-85
79
-55
-69
74
-3
16
-25
-10
12
-68
-81
-63
59
-20
-54
7
15
99
32
-10
52
32
37
39
73
-62
-11
-12
-28
70
42
69
-27
-97
-31
59
-65
-80
3
32
-8
-23
-9
-7
42
-77
-19
-38
2
26
53
4
-50
30
53
29
-84
78
9
36
5
90
61
71
72
90
-58
83
35
-55
-25
87
-36
-16
0
30
13
72
-64
39
86
32
99
-86
-75
46
22
90
96
38
55
-95
67
-27
10
-51
21
-24
86
29
-91
-26
-49
87
58
-26
44
2
-25
87
-96
-86
-11
50
46
69
-93
-50
-19
81
-63
-56
-37
-88
34
-84
-50
-54
-32
20
13
-19
-39
-12
-50
-29
-73
-88
-71
1
61
-45
-95
-81
-3
77
18
16
30
55
85
-88
43
54
25
-83
-33
34
68
-77
-84
-14
40
16
44
-98
0
33
94
1
57
-65
-46
49
-26
-78
16
-77
-21
-96
41
0
99
89
57
54
-35
-62
-27
-76
49
5
-65
-41
57
-55
96
10
74
-77
-91
-35
-54
9
98
-92
-37
-65
10
-6
13
-16
81
-69
-38
-14
97
11
-53
38
40
54
-96
66
51
-43
5
45
-29
42
-88
87
38
48
-26
82
-55
-71
-51
-47
97
-43
-68
-44
49
76
-33
69
-51
97
79
-70
85
-76
-90
79
21
2
48
-81
25
-22
61
31
-10
-50
-45
23
44
-20
32
-18
-97
-63
-35
-31
-3
81
-66
39
42
-83
45
76
-18
-71
-73
24
-80
-96
-82
92
-3
95
6
8
-71
76
83
67
-19
89
-1
88
-7
-56
-62
-46
-23
-20
-30
36
27
65
42
8
-39
34
-74
-15
-86
-11
44
94
11
-59
-58
86
-54
-68
68
43
-37
83
-57
-59
35
-1
-72
28
74
-78
55
-40
-58
43
88
72
26
-62
-9
54
-59
-76
-68
-68
-41
48
66
-19
46
-68
25
-86
15
63
-13
-73
-31
-77
12
-79
-21
54
-14
-1
77
