30
-58
-33
-4
-75
69
13
-99
71
81
-46
6
52
51
55
-59
-62
28
-44
-18
75
52
54
80
81
-78
-31
-49
25
29
-64
66
-38
24
-90
-92
16
-60
-56
48
66
-96
-71
93
-52
-44
57
-87
49
27
-53
-94
-8
-81
-62
31
-86
-50
-9
-34
14
-79
-31
62
-87
-18
2
68
93
-85
50
20
77
-69
-21
37
42
-98
-56
-41
-75
-40
82
-80
26
-85
-96
73
-35
-64
82
88
51
57
42
-49
88
-6
96
-55
64
-34
-63
85
-60
94
43
75
-36
-28
80
-85
-53
-2
-100
61
27
-26
76
19
46
5
-3
66
38
-80
30
-40
-62
-93
-76
87
29
1
8
79
-60
-10
14
-94
-12
-12
-59
-15
-98
-15
86
4
56
-22
58
-73
73
-40
-83
64
-47
73
-87
-36
3
-30
89
-63
-64
72
83
-74
56
-2
-96
-73
-81
-48
83
-51
-45
-3
67
66
-26
-28
-41
34
44
-58
69
37
17
-71
-48
97
0
20
-12
-76
44
-26
-18
-81
-91
-22
-20
5
-22
-35
22
91
-11
71
32
-37
15
55
-66
56
64
-7
3
30
-13
75
-11
-87
-68
-2
-72
-61
47
-72
77
-92
54
6
-9
-63
-89
-82
99
-9
24
90
-47
-63
72
-95
-5
-42
51
-33
40
86
-39
-67
-2
50
-85
-52
98
-5
-69
98
93
-54
24
-25
93
39
3
97
-76
-66
25
-85
-46
11
-100
-36
10
38
-16
-92
-21
89
72
-47
85
-57
-70
-8
62
-49
-74
-96
-88
-59
14
-49
73
-70
-86
56
-73
-86
75
68
94
3
-47
-91
-9
-51
-28
18
54
37
11
-12
-8
43
-83
64
-81
-60
82
13
-44
26
-84
5
-16
46
-81
64
-57
88
82
-93
49
-99
66
96
38
72
82
31
22
-93
-32
-94
2
-60
15
-49
-62
45
-76
30
-44
67
-81
50
6
96
24
-35
24
-92
27
99
17
23
82
25
-20
73
-26
-50
-2
-54
90
23
47
-27
-100
-15
43
-57
-96
-33
-52
-2
66
-92
-10
-52
-16
58
15
-5
-30
-15
-56
74
-65
91
52
-27
45
76
-84
76
36
22
76
10
-8
11
-50
93
58
-52
-87
-91
-38
-18
13
53
-62
60
-2
-1
-94
7
-53
92
99
-53
26
-7
-6
-13
-71
-75
-52
-91
59
-25
-8
-49
22
-68
-18
-39
45
-66
-70
-4
-33
-88
12
-88
91
-35
31
-85
61
-63
-20
-3
42
15
-22
97
52
50
44
-10
58
15
-40
-12
-49
-73
95
41
46
-93
-50
-45
-33
8
72
-32
24
58
5
89
-45
-28
36
-27
24
21
56
73
39
-58
-62
38
52
32
35
-53
-41
-69
-5
-55
22
74
75
-34
-62
10
-85
-88
27
-96
-23
27
9
42
-32
14
-48
-59
-87
56
39
6
-8
-64
-3
-83
61
2
-8
44
69
-43
-53
53
12
25
-69
73
50
-66
-25
-83
-41
79
-70
-18
-68
-91
-25
-67
64
-7
-49
-34
-5
57
-95
-30
-78
20
23
-19
-32
-7
-32
74
30
-80
40
58
47
-36
57
43
2
-80
35
37
-36
23
23
32
65
48
-92
89
-97
22
28
43
-89
-51
39
34
41
80
90
91
-12
-40
27
64
15
-1
51
-72
-18
-69
-56
98
-20
-35
-34
-47
-15
57
-94
-61
-24
80
75
20
-48
18
13
-88
-35
31
51
-98
42
52
-56
64
21
-69
-14
-66
-56
-38
20
18
-57
6
-89
46
-77
41
4
-54
-30
46
48
57
40
-51
93
-37
94
10
25
-74
69
-96
-100
53
-9
99
35
43
75
11
12
-80
11
-76
-34
-14
67
-93
-65
55
-24
43
33
63
99
-68
-6
-98
-95
-75
-90
71
-88
49
27
20
-88
13
97
-47
-77
-15
68
57
-21
61
-33
-87
-74
27
79
0
-32
-70
25
96
-82
-53
41
-26
18
68
-96
-100
-96
-30
-95
-32
-44
91
0
-2
29
-39
87
1
-78
99
39
22
8
-99
-65
97
-67
-64
76
-95
84
13
38
-82
93
-62
-46
-45
16
-49
-79
-58
14
-78
-68
-67
36
-98
34
83
29
42
-32
-57
75
86
-12
-91
-70
-63
86
70
-7
-75
92
99
22
52
56
-65
-84
52
48
34
91
-10
89
-23
5
-92
-31
-69
-15
-48
56
-89
37
-39
-6
-55
-76
48
92
-53
74
34
32
-64
48
46
-81
-4
17
-74
49
-65
-80
74
-4
32
11
79
-33
-74
88
-17
-70
50
90
66
68
16
88
27
-32
68
90
37
-43
34
57
60
33
-18
82
72
-47
-47
79
67
-40
-99
75
4
-47
-56
-65
-84
-62
-68
-35
-66
-97
39
-8
-36
80
-10
-66
36
1
-20
68
17
-52
49
20
-98
-84
46
-59
53
-64
-12
71
-26
35
-68
66
-61
12
-63
42
24
-33
33
-87
-88
-25
91
-87
-6
-42
27
-60
-69
-38
-79
-70
-92
-18
7
-82
68
-86
89
-82
65
-96
-66
-19
-64
93
29
-66
4
-41
67
-81
35
97
24
88
-85
-64
-94
30
-92
-31
-38
97
71
-46
18
70
20
-39
23
81
90
-19
-28
-52
70
95
-60
-4
15
28
65
86
-64
-6
26
-18
-28
-20
22
-89
32
-36
56
36
-94
-91
19
1
-16
34
-92
87
-21
69
31
98
19
-24
34
49
-61
-54
94
-70
44
-34
-85
-49
-56
94
67
81
-43
56
-1
-25
50
98
-35
-21
53
-1
67
-23
-70
-82
-11
-91
-95
-69
91
-96
22
-92
14
-26
44
90
-47
-8
27
10
76
25
37
-65
-13
-49
-55
-74
-67
7
-65
38
-80
29
27
89
-62
-89
-60
-36
59
-99
-84
71
70
88
65
81
-42
76
82
99
13
67
14
71
-16
-17
53
53
46
91
82
41
-65
30
-16
77
-63
54
-94
-73
-18
-27
31
-66
-62
-93
90
-50
8
47
71
-82
27
91
-70
34
66
-77
-78
-46
-99
9
26
86
-52
-15
15
36
-65
36
85
32
40
27
-43
7
5
-30
1
-9
-47
-2
-31
14
98
-20
-35
-42
13
16
26
90
-35
71
98
-32
-21
17
60
-85
-8
-18
58
-21
13
-52
-39
-5
-77
90
-52
88
-57
85
17
9
45
-12
-51
-58
13
49
-69
-95
-21
-25
-97
-37
-8
75
-87
45
46
-40
-75
-91
-79
51
-80
-39
33
48
-43
-53
76
54
-84
80
97
-10
68
-82
-82
59
0
98
27
22
-75
-20
39
-54
-68
88
72
-18
10
33
-71
-4
-28
75
19
-42
-80
21
30
80
-17
-62
-39
-27
-9
-21
-19
-79
-59
-78
-49
-88
-64
53
93
18
16
77
-32
-76
28
-77
63
68
59
-50
20
73
11
43
24
-84
70
49
81
-97
66
-89
4
-32
-1
-51
6
-63
-53
-12
20
8
-39
35
18
-90
-15
-17
-24
-89
-16
-82
89
-51
-16
-96
93
-8
99
-14
-57
78
-87
-16
-96
3
89
-26
42
-51
-53
-36
49
-33
68
28
3
-72
59
81
1
23
48
-66
53
-2
60
39
67
80
36
48
-76
-41
47
-39
-18
78
15
74
-73
80
-52
25
-32
28
60
-19
47
-50
-57
69
-60
-30
-58
-13
13
-97
83
22
85
62
-100
96
-33
86
-95
54
40
-98
29
-35
-38
38
-86
7
69
-22
29
-39
17
-21
-80
0
-74
4
-90
64
-36
30
73
-7
-73
-40
7
-98
-62
79
-69
91
84
-42
-56
-46
-81
58
81
10
77
93
91
93
53
-75
20
45
-92
80
-84
50
23
-2
89
10
92
-30
-46
77
-47
-34
-15
52
-60
67
-37
-98
17
74
-68
7
-86
-22
35
53
-95
-18
-67
-48
32
58
13
-99
10
74
1
-9
-62
71
-33
59
-39
39
55
-98
-19
88
34
-27
5
-64
16
-16
-23
20
16
52
86
-61
72
-99
-16
95
4
-76
23
-33
67
-38
44
4
21
17
-35
-90
-64
-21
-84
41
-94
-62
-50
-78
-7
3
63
-80
-2
88
-38
-95
40
16
-90
-94
29
-68
61
66
11
-39
-42
99
-99
38
-78
78
-23
17
-84
-5
54
82
-63
26
-5
3
-74
-87
50
42
-23
-94
35
5
-8
31
85
81
-50
-19
-81
31
84
-45
-75
-92
20
-51
-74
91
-16
33
-62
57
-63
-99
65
92
92
-93
23
-63
-18
-53
19
-39
17
-77
-42
63
6
37
73
-16
-38
-11
56
87
-2
-42
51
5
38
0
2
-22
75
23
-48
90
-21
-37
-55
47
94
-40
-67
6
92
-71
7
9
-78
22
-82
57
-92
-1
-78
-67
-84
-84
-29
-93
56
-53
-45
-62
66
52
44
-54
9
-12
92
72
-44
85
61
-78
55
-2
-95
-37
-82
28
10
-28
-90
5
-56
-96
51
-52
-5
-7
20
-18
-40
-4
-29
-16
89
-42
40
-29
-75
10
-11
21
31
96
-76
-67
-79
-45
-75
-5
33
95
-84
82
92
-28
-81
-62
79
-100
69
-82
45
-19
41
87
-29
76
14
-53
7
-73
-67
6
-98
92
-39
27
-20
-13
36
71
71
-92
82
42
-76
15
-77
98
43
-89
22
-98
-73
-47
-7
-75
77
95
-82
-72
86
3
31
82
7
-14
1
75
38
-48
-66
35
87
25
12
-95
-44
11
-44
72
99
-74
-59
27
49
84
-57
-75
-100
91
3
31
-97
28
-97
-17
-66
87
-88
89
57
85
48
-19
-98
57
15
-91
23
68
37
64
-54
-67
21
-8
39
73
-67
-19
-100
-52
-61
12
-36
76
-22
87
-73
-99
18
-70
-13
95
69
31
-56
-55
45
55
72
16
83
14
-27
-56
-30
65
29
-11
-46
-65
41
70
49
9
-45
31
-13
40
14
-38
-62
-63
-57
2
58
71
-64
-29
11
-83
-2
-47
-87
-10
32
-61
-40
-5
-8
-37
40
72
-58
-10
-56
36
-48
82
-65
-4
6
-23
-34
35
-55
89
-46
-33
60
-43
-27
10
34
-69
12
75
-33
66
-21
-38
99
96
4
-19
-95
-42
94
25
-27
41
34
-64
36
-2
49
83
-42
17
42
-44
54
73
-97
83
26
4
55
-77
-51
50
-1
-64
-22
96
65
-96
-52
-68
30
-69
-56
-40
-97
96
-4
21
39
5
81
45
-59
66
91
-59
86
27
-7
21
-65
-40
48
62
-65
-21
-86
-17
59
94
20
-45
-52
38
-11
-94
43
72
-71
91
-68
-90
38
19
80
-51
-9
-100
84
95
-45
-11
-9
-88
42
98
-63
95
-66
24
-73
91
-68
-41
-4
-81
-66
44
9
-61
73
98
-44
-63
-55
-35
38
-87
-91
-86
-9
97
77
38
-60
61
48
66
16
71
-70
-16
49
99
2
36
49
-7
57
-30
-18
47
-50
-80
-5
98
39
-89
52
-54
-86
-100
1
48
58
61
26
44
69
82
-55
-65
-54
-22
-84
-63
-80
71
25
56
-23
55
-75
-25
-43
64
-19
-50
51
-1
-82
-36
42
76
63
-51
46
-58
60
-31
-97
23
54
-60
19
-53
29
51
43
-70
47
89
90
40
-14
-26
-46
54
94
-47
-95
70
-65
-22
25
-96
-90
-25
6
-92
-34
-72
-40
35
-100
-87
40
15
-57
44
86
-61
71
48
17
-8
35
10
65
-34
50
-42
38
-85
67
98
19
-5
-96
-73
-68
-100
-51
-11
-3
-84
31
82
93
-23
31
47
63
45
-11
-25
25
13
-94
-67
13
52
-2
49
-91
-72
71
94
-5
1
-13
-93
55
-31
-59
52
-95
37
59
84
46
94
16
49
-88
76
-11
-91
-26
0
75
-76
-37
-84
-4
-57
-30
-22
-33
11
-73
78
17
14
-32
-72
-23
-23
82
34
-4
-77
-88
26
-97
-17
22
-20
-76
-5
29
24
-77
99
63
43
-7
-53
-63
93
-98
30
97
30
-80
-59
44
29
5
-57
-14
-41
6
-23
22
32
-80
27
53
18
4
-49
96
-57
61
-2
-59
-44
1
41
-73
-52
73
-23
37
85
91
-53
96
60
71
36
-66
80
-10
-36
-76
-43
-18
-70
-7
32
-94
-100
-59
-54
-74
-79
96
91
24
54
63
-28
51
-47
65
-16
-11
-91
-48
-96
88
-62
-14
-94
54
32
39
21
-91
88
69
20
-70
79
-32
-20
82
-40
-11
52
-93
-43
-67
24
73
26
79
-30
-100
62
86
-82
79
-82
-38
-97
75
-32
90
59
58
89
47
-23
88
83
-37
-46
4
-17
-64
19
-84
67
54
-43
-66
24
4
-25
-21
-70
-80
-55
61
37
-95
-67
74
48
-71
-44
-87
65
-79
-93
48
37
-60
24
24
90
53
-100
32
67
-75
-73
79
-73
52
-29
-34
70
65
-42
-55
-47
28
-57
-3
77
-87
-60
-19
27
7
46
-1
-96
70
58
43
92
-48
84
-44
-87
-42
-22
-73
10
83
10
88
13
-11
-79
76
-9
95
-31
9
-6
4
-82
66
-67
71
-2
-89
-56
-34
43
-95
75
76
-18
58
-54
37
-79
67
-57
-28
24
79
52
97
-35
45
67
94
88
-61
-92
-72
-89
-11
2
-93
39
45
50
-34
95
-51
-15
-98
78
24
57
55
-95
38
24
92
-14
22
14
95
39
-2
72
45
46
37
-10
-39
-61
74
13
8
86
-58
-39
52
-60
-28
-45
-14
-48
80
67
71
-91
-43
91
95
42
-63
87
54
-29
-61
-52
-1
-71
-3
60
-87
61
44
-13
-78
-18
36
-54
-60
-68
65
78
44
-16
-48
75
-39
-14
-45
-94
-7
-58
20
-76
-17
-3
65
50
-71
3
13
-21
-2
-94
80
-71
-27
35
4
-8
24
-12
-96
-92
-89
66
-86
-2
-15
-12
-43
-86
-90
81
-61
-64
-32
24
27
-67
-9
58
75
78
51
-90
89
-31
-52
-55
-5
32
30
79
23
-6
81
99
92
39
-4
-74
-49
87
81
-25
-30
-96
20
-16
62
27
45
-95
98
42
-67
44
-12
-64
5
-76
-53
92
-55
-30
95
52
-4
93
-87
10
-51
69
-76
-75
-81
-43
-99
95
-81
-13
30
-58
-10
-3
-27
90
14
9
44
-14
-46
-8
58
43
-90
25
87
-99
-51
62
-12
60
25
-67
-63
8
12
-35
24
-55
-10
59
94
-52
-80
96
26
50
84
-96
-26
43
96
-14
83
86
7
-49
-79
67
-73
-79
11
16
-94
-95
-7
-100
-36
-59
31
35
-85
-20
-29
55
-27
7
-84
-57
51
71
13
-41
-6
29
25
-29
82
73
-79
9
56
10
25
-54
94
94
-40
-99
-46
72
22
33
-68
20
-24
52
-87
-41
70
92
-67
-33
-66
-79
-43
-28
-38
46
35
91
-44
18
-6
-59
65
55
96
-64
3
46
36
42
-95
-43
-91
-51
-23
55
-78
-93
6
-90
96
-1
37
7
-10
53
-80
-78
84
-96
-83
28
-70
71
-79
27
-51
-70
-66
-27
20
-17
-4
-83
-39
-37
-100
60
-22
-57
23
8
-25
9
-3
-45
-89
-44
-71
91
-53
37
-47
-47
-68
-70
-36
40
-40
49
52
68
-33
83
-21
45
3
-12
42
47
-10
-97
85
14
39
-62
74
-53
52
-53
72
-58
-45
30
84
94
35
44
-98
-67
45
-47
42
-71
-96
34
-37
-32
82
-71
-6
-45
10
-57
92
-11
-54
-75
73
65
-85
31
64
-58
-24
-82
-95
8
-52
56
51
-69
-80
-67
-45
70
21
-95
38
-14
87
-23
-99
-90
-30
28
-32
97
-50
24
38
42
94
-43
47
55
71
34
-52
57
44
34
-73
-56
-58
-54
-92
-72
40
35
-55
-80
72
-18
-46
42
90
65
-100
-4
14
-20
-68
98
34
-56
32
38
-85
-99
-70
70
4
94
-90
-41
65
76
65
-13
-50
19
-72
-35
72
93
11
45
-19
1
6
-28
23
64
-1
-83
-61
-60
15
-34
-8
5
-73
-77
75
-7
76
-51
88
94
76
19
66
7
8
-11
-61
82
-60
-95
-24
2
17
-27
68
46
20
-33
-43
61
24
28
-37
28
-82
-45
60
-51
-91
-91
60
-3
-92
-36
-70
-61
-61
53
46
8
58
67
15
-9
73
26
-15
67
-1
-60
91
-17
95
-29
-42
46
44
-28
58
-72
61
-36
-61
93
43
-70
-56
97
39
-95
-28
36
80
-64
-51
5
26
87
34
26
-69
64
66
-81
-56
-48
-65
80
92
57
-70
-51
64
85
-96
-95
37
-79
-23
54
-2
-77
41
-70
67
-94
0
-50
-55
-63
60
40
21
-41
78
-25
39
86
18
-58
27
-27
-72
-80
82
-84
-33
94
-25
-68
-39
79
62
49
18
-43
87
-26
-62
-24
80
-69
-46
33
-72
28
-5
29
88
57
97
-100
68
-50
7
-59
-41
14
5
72
-67
41
-92
-65
-7
-81
-39
-22
71
31
72
-99
44
1
-48
48
-63
53
-100
-100
31
30
10
85
-92
78
12
16
-37
-10
61
2
18
50
-75
-54
5
-88
-91
28
87
3
46
99
-7
-64
67
-22
-53
-12
-25
-96
80
64
-7
78
62
-54
-60
13
26
-23
83
49
82
-75
41
-60
-20
88
-73
-56
5
-11
-41
-51
-85
36
-19
83
51
54
86
-27
-25
-69
-48
66
-65
-34
-79
65
32
-62
99
88
-29
-4
-68
-63
68
-44
-76
-14
-78
25
88
79
78
87
-44
-82
-99
0
6
-73
-56
-52
5
94
3
94
-65
-33
98
-98
-46
-68
-34
-52
-30
38
87
39
-79
-50
-52
90
-19
94
-9
-81
-100
1
-36
20
-22
-29
-89
39
99
-66
-92
6
44
-21
-6
47
-69
65
-63
-31
47
-43
83
-58
-14
71
-57
77
-94
-20
64
-80
15
-67
-52
7
88
-45
64
-65
54
94
-23
2
-46
57
69
-44
58
-53
96
-57
46
-12
-5
-60
-87
25
46
-81
-85
7
-18
77
-53
17
98
29
10
-3
-49
96
67
-95
60
-26
-90
-99
72
-26
-68
69
-26
2
36
30
-46
29
36
26
-66
74
-77
98
-58
58
67
-65
-70
-31
-35
-76
73
-42
93
-60
-31
-50
44
-61
-91
75
-21
-20
-64
-26
-67
-1
-90
-50
30
-100
-30
59
56
-63
-70
92
44
59
47
-23
61
-28
8
78
8
50
13
-51
-25
0
-95
47
93
-37
9
-66
29
-21
82
-30
27
-76
-1
-90
36
-24
79
38
9
26
5
40
-19
-38
41
28
-24
16
68
-87
13
47
-95
29
-10
-1
-74
0
55
-25
-14
46
-48
-3
-31
-81
-37
99
-86
-35
-82
0
-95
1
19
80
-95
51
10
-70
-7
52
-96
-100
-73
65
64
52
67
94
-24
21
42
-67
7
-52
-62
-30
91
47
-75
-76
47
-55
-81
-86
49
76
-6
-89
25
59
-7
75
-19
51
-95
64
49
-90
3
-18
-28
43
-42
-21
71
53
-95
83
-42
-98
-18
-89
-23
-16
-46
45
-100
-16
33
68
97
0
-41
-86
16
-56
-23
-27
69
-48
66
42
-65
20
-23
-75
-55
-69
-80
61
-47
78
7
-53
-26
26
63
-9
23
98
-29
-73
-25
-11
24
94
76
15
77
-44
14
-50
61
-97
69
44
33
-74
91
43
27
14
-24
26
30
-21
61
-29
-79
-35
-8
61
-22
-84
-90
29
39
-55
62
-75
-41
-6
10
-26
-80
-79
49
-1
97
-61
88
-79
-57
48
-33
-66
14
-44
79
-66
13
-7
9
-66
68
-42
-30
-43
-47
-72
-30
-12
-67
-21
28
10
-90
-36
-8
-31
-27
71
76
-88
-8
73
97
-90
-86
81
-14
-96
-74
72
-1
-81
19
89
23
33
33
-82
-60
50
26
81
72
-65
99
36
-34
22
57
-98
4
93
-87
3
-68
-2
0
-74
97
4
17
-3
54
-10
29
58
34
60
-68
-23
-48
66
-39
74
99
-32
-4
77
23
27
-6
77
-22
-60
95
-37
34
19
-45
-64
72
-32
-23
-50
57
13
-84
-60
-2
3
-67
76
-15
-96
16
66
-96
-38
21
27
-18
35
-22
-1
-20
40
-11
-27
-97
-88
-34
34
91
-10
-37
-10
-26
50
-50
-53
31
-94
57
50
69
-72
-22
-4
-93
-71
-63
82
-71
-38
-34
-47
94
-58
71
-91
-31
96
-41
25
63
-62
43
-15
7
56
86
52
42
-76
44
-71
-74
95
-93
-12
33
-88
77
61
-6
-36
-62
-10
-69
58
-5
-97
-62
-31
33
96
-65
-71
92
-30
81
-29
-89
2
73
6
-7
59
40
71
78
63
-36
-68
20
66
21
-11
-94
91
30
-1
66
-25
-24
-97
-32
11
-16
-33
66
54
-16
40
71
-94
18
84
28
-11
-55
-18
33
72
26
25
3
-53
-32
41
34
66
14
10
-78
81
68
-12
32
63
-35
-24
74
18
31
-63
-55
7
1
-79
74
76
-69
63
15
-28
-1
18
-91
-91
-19
45
47
58
-12
-1
-1
-72
85
-91
-4
16
25
-57
-88
32
59
-28
-64
-27
-64
-46
55
-94
3
-98
60
30
45
-100
79
44
-94
20
99
36
78
97
77
82
-26
15
66
40
35
88
15
-11
-80
84
90
-71
13
67
-42
-52
-75
47
-20
-78
-62
11
76
29
81
42
-53
