-88
83
-77
97
94
26
81
-41
47
7
59
71
-62
-33
-45
-26
-87
-72
59
28
34
-52
96
22
70
28
-27
-76
98
-78
-18
58
-17
80
-94
84
16
-10
75
-69
-97
14
6
-12
-91
12
1
80
45
-78
-18
22
43
-96
-29
75
78
-8
-94
-68
14
0
76
59
-12
-24
-75
-59
94
35
4
-20
3
-46
-78
-40
65
-60
-100
56
40
-46
-10
-18
98
-98
86
-79
10
52
66
-4
63
-95
96
-5
-5
-32
16
-2
-92
-28
15
-10
-42
-57
11
61
-70
48
6
98
-8
-21
-15
97
-36
-29
-18
-23
72
99
26
-25
-10
-78
-99
-39
-40
60
-41
93
6
77
-55
-10
-85
-80
69
8
45
6
12
19
-17
-14
-14
-4
69
73
7
34
10
72
60
-53
-31
-51
8
55
-41
-89
63
-36
81
26
-42
-88
-64
58
29
-2
61
-47
-87
79
-46
75
-67
-23
-17
-98
76
-98
30
-64
86
-5
-44
89
-75
-15
44
-81
82
-63
81
-49
33
23
15
-7
22
1
71
69
2
65
-42
82
-26
-34
-64
-42
-38
25
-58
-1
-13
59
57
7
31
-92
-22
-74
30
86
-63
49
23
64
-67
-23
20
78
46
-41
99
62
-59
59
97
-67
60
-5
-19
-48
-33
80
-81
87
-97
-99
-53
-53
15
-23
14
97
-27
67
20
-98
15
45
59
-94
38
65
-1
57
-4
89
75
-4
-90
-93
-95
-65
45
-96
-10
27
-25
78
93
43
45
67
54
28
-79
50
67
38
95
-38
-25
23
-84
10
-77
-57
47
-23
-18
-26
90
-15
25
41
36
-12
-84
83
63
30
-48
-80
82
-38
-54
-3
82
-87
-15
-13
-38
28
52
75
-69
35
-77
19
-79
-33
-64
30
45
9
89
10
40
78
-90
19
-61
-55
-39
53
-64
72
95
-89
-12
52
65
-54
51
-1
39
-56
-40
50
90
-30
32
-82
4
-78
10
-48
31
7
37
10
86
-33
30
-52
-44
-49
-92
-54
-9
61
-54
7
8
14
-40
47
-77
-20
-74
66
-19
55
47
84
30
37
61
-63
37
-20
15
-26
66
-77
-60
-22
-92
73
-70
36
-80
85
-32
-82
66
20
68
-97
35
50
-94
-73
-72
23
97
43
3
-29
-53
-48
48
4
18
12
77
67
-94
96
-90
23
-82
-55
-51
-46
90
54
-37
-32
-13
20
-51
45
-50
5
-26
78
92
16
-91
15
-40
-94
-45
92
65
9
67
-84
-61
-64
78
-65
36
31
-94
64
-42
42
6
-11
0
50
-35
67
-87
9
60
-57
-78
-97
-54
79
-26
49
-85
39
10
-95
-88
96
-29
32
-9
66
-48
-72
-61
98
-3
-49
0
-97
-8
-19
93
7
12
30
-42
94
-48
3
76
62
-92
43
-20
-78
-49
39
-71
-60
39
92
30
-57
78
65
-100
-82
-75
95
44
-45
-32
73
10
-84
-19
49
-81
-24
-77
2
-79
64
67
-68
-23
96
-91
-7
40
-28
50
-18
-65
-25
81
-66
90
95
-63
32
-89
85
50
65
-63
-88
-64
20
76
-39
-19
86
20
49
-15
70
-81
-10
-80
73
43
-43
-95
-28
-43
49
47
-86
-57
-23
-90
-74
-11
96
-61
-86
-43
22
24
29
96
92
19
36
-95
61
-62
7
9
-1
77
84
-67
-63
47
57
-67
55
98
-30
49
-24
-81
3
-46
89
23
32
-14
-30
-87
64
1
93
96
39
-91
-88
-56
-94
21
-16
30
-74
74
-19
-31
97
-22
93
-80
10
3
0
-96
-91
-39
11
74
54
20
-96
-8
-33
-79
-6
66
-67
34
-10
18
-100
-75
53
7
-86
-26
38
-6
73
2
8
-45
-50
-55
-27
78
95
79
58
88
82
31
60
16
-96
36
-44
-12
72
-2
51
25
15
45
-40
94
54
13
-74
14
-4
-25
11
80
2
79
11
37
-99
-41
-100
93
78
96
9
70
14
39
-94
42
13
-100
-93
-85
73
-85
88
94
-28
-20
-62
58
-34
-99
11
75
9
-78
70
-89
36
-18
-54
28
-1
-79
13
-28
-35
-66
-11
87
-8
-96
58
-4
-18
48
87
99
96
46
-1
65
-28
-47
-92
8
64
4
-14
26
-25
-72
-5
83
-71
8
43
41
98
69
76
-95
-44
-50
76
78
-56
75
65
-80
8
6
63
-25
-40
-17
-71
-77
-77
27
91
98
82
-40
32
92
47
-96
55
-41
80
79
16
-94
87
34
-19
-8
-51
-66
20
-45
-26
-78
80
41
48
59
30
-64
86
-70
-34
-62
90
-93
96
-51
-42
-59
5
98
-5
-47
72
7
-13
-47
-95
27
-64
86
65
14
80
53
-11
67
-80
40
-47
34
-51
21
69
46
-47
85
45
-56
-13
-77
98
-58
87
22
-90
84
5
-19
-28
-67
54
71
-26
-58
8
-44
41
-73
-94
-37
-85
-97
3
56
69
59
6
81
91
-54
47
-98
64
72
41
-61
62
-67
-32
-84
43
82
73
4
-97
-49
-14
-15
-38
3
-52
7
98
17
-83
-9
-30
44
98
-20
55
-89
41
35
60
-52
84
-12
-83
6
-38
-63
40
84
47
-94
71
45
-60
26
50
91
97
-95
42
-58
-41
79
25
86
-14
-6
12
99
44
-12
10
92
93
13
-2
-21
-91
-8
-64
26
44
68
91
92
-8
-31
-89
-94
-50
5
-74
0
-99
83
76
-68
3
30
-33
10
-5
79
-58
-9
-50
-55
-50
-88
54
5
16
-3
-46
63
-10
64
35
-60
-36
84
-82
7
99
-84
18
-50
24
74
-23
77
28
-80
-13
71
52
78
-3
93
-95
64
-63
13
-94
-37
-65
23
93
-43
33
22
-91
22
-27
18
-44
63
27
-58
42
-67
78
75
-50
-47
32
24
-31
-1
-75
-20
42
-55
-71
-6
27
-96
-34
32
83
31
22
12
-99
-53
-9
26
22
-85
-100
63
12
96
-16
-61
-15
40
85
31
-97
62
35
43
-2
6
20
-86
24
55
11
85
93
33
-35
72
26
8
-71
45
5
-91
25
-29
3
-57
-54
90
91
67
55
54
83
-67
9
38
56
42
36
48
-53
-76
-21
91
-42
89
68
8
71
-80
-83
61
-21
-32
61
71
-28
23
32
20
61
60
-29
-69
-6
-77
21
96
44
-22
-18
-40
-78
-52
-71
5
43
33
45
22
96
31
66
71
95
18
-34
-8
-95
36
47
68
53
17
-38
96
22
81
59
86
63
50
14
-26
87
82
-95
-80
64
-10
-100
-56
-31
18
-71
-26
-21
-18
-34
1
-8
-47
-22
-49
-9
12
83
-85
-59
85
-83
-12
-91
-73
-65
86
40
-70
40
-40
48
-75
-41
-7
-10
-28
24
-17
51
55
74
86
84
-14
-91
-31
-90
50
-23
87
-71
99
-31
69
89
-5
62
93
-80
49
-55
96
-49
-96
0
-43
75
34
-30
62
-12
19
-19
-45
-80
11
-84
-59
-57
-81
71
9
79
-35
-46
-90
40
58
72
-59
2
-45
72
-75
-22
12
69
-32
-12
-41
19
-34
42
-68
-99
-76
-78
89
-68
-32
29
-1
50
11
4
-14
93
-53
62
18
-82
-60
-92
-62
17
43
37
-27
55
31
77
-64
23
20
16
-49
-20
37
69
-80
-64
-43
-83
-2
-18
-5
11
3
20
-40
29
14
-17
61
-48
52
25
5
51
-58
-75
53
-46
87
27
-52
50
97
-33
27
60
67
-84
-62
19
-8
-26
-45
-1
46
93
-73
68
82
-59
44
-60
-51
59
32
-23
-43
18
-67
-57
27
-38
81
-50
28
-86
-56
-27
62
-35
-16
-95
-63
96
41
-90
31
67
23
-11
-55
-90
-58
51
32
-37
32
-94
13
-15
-3
64
-19
97
72
-67
-75
1
-62
-77
-34
-67
-18
-50
36
62
16
-62
49
51
82
52
65
68
53
-15
9
29
24
18
73
47
-72
73
-13
10
-51
69
-8
-73
-44
90
22
19
-58
-100
71
-3
-4
-63
80
-80
5
-18
60
99
-73
82
77
-18
-43
55
47
0
27
62
-55
-93
11
82
-16
1
42
-99
-30
-16
-27
-73
4
-32
34
-10
-55
-74
-100
31
-49
73
38
9
-57
-15
43
-54
49
-65
-16
-100
-46
-88
-33
55
83
67
-47
26
87
90
-2
84
88
-27
92
-11
-73
97
82
66
-74
24
16
-76
68
90
-11
-54
-68
58
-3
-27
42
3
69
41
44
17
-29
60
-56
36
-33
-25
-56
62
16
1
70
94
28
-85
62
45
-16
54
23
6
-24
0
45
19
4
-50
-18
-30
32
28
78
-74
38
-49
-94
26
25
-21
-66
-32
-79
24
19
56
54
-97
-15
-36
-78
-5
-4
-56
56
-69
70
95
-53
-36
-31
-72
-83
2
-81
-81
45
-57
-32
-96
27
-3
-17
-33
99
-35
81
-5
59
18
91
81
91
31
-24
-100
-56
-43
-68
90
-83
81
7
-63
-73
34
-39
17
19
-32
62
83
-1
96
-17
47
-46
84
61
92
24
-65
34
55
-51
-66
-82
-98
-43
58
-61
-33
70
90
69
-62
-76
-50
-47
69
47
6
41
-82
2
-24
-78
51
-38
-87
34
29
-71
75
-63
-69
70
-36
-93
-93
-29
-33
86
-77
83
-76
-25
86
-35
10
-5
90
18
-59
-35
30
-97
51
-29
-64
-49
-40
45
92
-63
-39
-28
89
-63
69
-6
-58
-27
-88
-85
-70
-42
-55
79
-39
65
67
92
10
57
-7
-100
37
75
66
-96
58
-58
13
-7
37
-59
-50
-42
13
-30
-83
79
-84
16
64
53
72
5
-17
-69
-80
2
-59
-35
91
65
38
44
-71
-30
60
52
-91
-46
-76
-78
-22
64
85
92
43
-43
88
15
-25
-24
75
71
-55
-61
64
7
-27
-75
27
-67
-49
-11
-48
9
-75
71
66
42
5
30
-7
29
-79
-1
19
-77
-58
-34
11
-35
-43
32
-26
95
16
-36
-94
-18
14
-98
-55
-73
98
40
-5
-90
22
15
75
39
45
64
-24
61
-19
30
-69
-83
3
-22
-72
-26
-95
-91
5
7
-21
-12
-49
-36
-49
-56
-92
31
-54
40
84
39
47
86
-23
-88
-54
68
-51
23
3
-63
2
-9
-82
91
28
-51
87
-30
-93
-52
76
-49
13
-2
-38
64
72
-80
9
49
-75
-63
76
39
88
-1
-56
20
-52
-10
-58
-77
-93
-91
-29
47
59
54
-36
-60
-35
82
-25
-47
-34
-81
-43
73
-88
72
-100
-27
19
31
73
-97
-35
49
2
14
9
70
66
-71
27
43
-27
-87
49
-98
-93
63
-18
-3
-54
79
40
4
-13
-72
97
1
47
-79
-46
-10
43
-6
-93
-38
14
-60
-16
-20
-69
-66
86
77
-94
69
-93
32
-64
7
-78
25
-1
-12
-26
-48
-23
-87
62
97
70
82
-33
-39
-51
12
-9
22
-58
12
61
11
-18
-89
31
-57
92
-17
83
-87
80
-1
-57
42
-69
92
-4
-33
-38
-73
-52
-78
76
-69
-84
-76
43
-89
-59
-55
-89
81
13
-89
-83
8
-38
20
-97
-76
-34
-4
78
44
-34
84
-78
99
-51
-74
82
48
-66
-39
-2
40
-49
20
-79
98
-8
-1
85
87
-62
-35
-57
4
52
-30
33
-10
-63
85
6
-15
22
11
48
-3
-81
96
-59
5
33
90
80
5
-94
4
36
39
-67
-69
43
10
-55
-63
-35
-47
-47
-93
84
-85
94
-31
-84
3
17
-86
-64
54
-43
-70
-24
-59
-8
-23
38
-90
-70
64
-17
-29
-65
59
7
-57
71
94
-99
-96
52
-19
-34
-10
11
-100
-19
-2
-85
-9
-8
-45
19
15
-83
-46
-64
-22
12
-72
-100
-27
38
50
26
73
-5
-72
38
16
-78
56
-30
42
25
-93
98
0
92
-42
-31
-52
74
6
-11
-37
-53
-96
37
97
-91
-99
18
7
30
7
-69
-38
28
67
-45
91
-64
91
-10
7
81
-26
97
75
-51
-34
-18
-74
18
-19
-33
-13
-29
-99
18
49
-66
19
-62
-63
66
-49
30
-53
46
75
-45
12
92
-19
5
16
76
-93
-6
-31
29
98
-9
18
94
27
52
-38
-61
27
-29
32
3
-91
31
47
-74
78
62
-42
36
20
24
87
57
44
66
-15
44
-17
-53
13
70
-48
88
74
-72
-84
90
5
-2
-25
-67
-48
0
-81
68
69
22
15
8
72
-69
-78
-88
95
-45
-94
74
6
-26
-28
-9
-5
6
10
-68
91
77
-43
44
-41
24
4
-36
-33
64
-3
71
96
31
-73
15
-35
-9
-86
-59
8
-2
20
16
91
-74
-8
-95
-16
9
53
79
65
-79
48
54
-100
45
15
-29
-81
72
-12
98
-84
28
65
8
9
-68
-42
-43
-41
-89
-11
-71
-100
-64
-74
63
-33
9
44
-57
24
88
-93
-83
-31
-6
-4
-98
-59
60
14
-93
20
1
27
87
8
94
-92
50
-97
9
-54
32
-11
-57
-38
-60
93
-76
-36
61
43
-35
-39
83
-47
-46
70
-14
21
72
57
21
28
-29
39
-9
85
56
-49
42
60
24
87
74
17
-8
25
3
36
70
-79
15
24
-10
-10
-91
97
-78
90
-21
99
-48
-48
-60
-55
85
-79
44
-18
-1
-61
88
83
-88
-81
-6
38
55
-11
-94
51
-63
54
-15
-38
-83
30
-49
76
-76
-28
60
11
79
79
-13
38
19
-66
-21
-27
7
12
-65
7
86
47
-43
-98
96
60
76
-84
-21
-24
-26
-28
31
-99
61
87
-90
23
-46
-55
82
-70
-16
79
49
-78
-97
48
12
-26
13
69
-83
82
-97
-26
-18
-72
-99
51
39
99
59
-77
71
39
43
-99
-68
-40
-80
1
-3
-75
-42
-31
-60
-39
-51
1
89
38
-91
-80
50
-50
-93
34
-49
47
49
92
-71
-62
99
-92
99
65
-42
-54
-56
74
-61
62
12
37
-15
-17
-49
-90
65
37
36
-82
43
61
-41
-3
29
-66
29
28
52
20
-66
-22
-45
17
53
-83
-80
-13
-80
43
-34
-34
42
-76
61
38
46
-91
30
40
7
-68
74
-2
-46
67
-53
-10
85
3
18
-41
89
-1
-66
-17
18
-7
-90
-61
63
69
-26
-53
5
-16
14
-23
38
-84
-31
-89
79
3
56
50
87
29
38
70
-30
25
-97
-25
-66
-100
49
42
93
72
-59
-66
89
-68
-33
10
23
-60
48
84
81
-35
-51
3
79
95
-40
-46
88
47
12
-22
2
-40
-89
51
-39
14
-72
78
28
15
47
73
19
77
-68
-48
69
-76
55
28
-2
-99
54
-5
-67
53
62
-19
75
21
65
-10
63
-2
14
-52
15
8
54
47
1
-8
17
63
64
-12
-87
39
50
-76
87
-91
94
-25
10
50
-69
7
6
52
91
82
-8
69
-66
70
40
0
-53
-88
31
16
17
96
0
-35
-4
13
75
-52
-76
33
36
89
-73
-56
82
-84
14
-93
-84
69
-60
-13
46
-3
-53
-100
-15
11
33
88
24
-9
-96
-84
14
-42
-92
27
38
-45
-43
21
-94
62
4
12
-27
-36
-71
91
-28
75
35
20
-82
-32
-87
36
85
-49
-26
-4
61
-90
18
-97
25
15
90
99
-59
40
-78
46
29
-88
17
-34
36
8
58
61
66
99
-77
8
-19
20
78
26
-24
83
-83
-7
-71
67
2
61
-93
-37
-84
88
-4
-1
-26
-1
-7
-78
-62
-68
-2
-70
43
-20
10
-16
-32
-76
70
67
4
-53
62
80
-70
99
-32
8
13
-46
-78
-66
94
88
-88
51
31
-28
-77
96
84
95
5
71
-23
20
8
23
30
-85
46
10
-32
73
-45
76
9
-18
23
66
-65
-38
80
-91
58
68
5
26
71
81
21
-97
34
14
53
-12
8
50
-8
-93
50
82
-39
77
-98
-6
-12
-53
71
53
74
54
-84
90
-77
51
-98
11
-18
22
35
2
76
-6
88
91
-37
11
-100
-96
38
64
-49
-99
66
56
81
33
-5
32
71
21
92
94
-96
76
-50
37
85
-81
56
21
-89
52
20
-50
3
-22
82
-63
-96
-92
-82
75
-70
63
5
79
30
58
21
87
37
-39
-30
-81
-58
-90
-12
-34
84
-91
-98
9
-1
-54
34
-66
-58
-95
-65
66
-6
-23
93
-41
-91
-74
7
-50
1
81
-9
84
-90
39
-89
-44
67
-53
83
-14
62
0
77
47
-26
-97
-16
38
45
-78
-58
9
-36
11
-99
-55
62
-53
20
64
78
19
3
-19
-75
8
72
-69
67
-73
-82
-26
-49
29
-80
-37
81
-31
52
-61
45
-15
90
-84
18
-18
75
-20
-40
5
-17
-69
57
90
-58
27
-90
11
96
95
-6
38
57
53
91
96
60
-63
-28
27
-80
32
40
-4
40
54
58
-82
-85
-52
48
94
92
17
61
12
-75
-20
-75
-6
52
-69
-21
60
24
4
-89
61
-44
-43
27
2
73
81
-76
-12
43
-94
94
-48
-30
94
80
51
64
-72
-89
44
90
11
71
82
56
-99
-29
-82
-58
-42
61
-89
-83
67
10
-16
60
59
-51
16
-9
86
83
38
2
-11
38
15
87
82
35
-34
-13
-3
-17
-74
-34
31
54
-25
-79
7
-92
58
-94
87
68
3
99
82
-11
82
10
12
21
-98
-7
-26
70
-81
-92
-76
-91
78
66
-91
33
-61
-43
23
-8
-37
-4
68
69
-52
-80
-75
22
-34
-92
49
74
-73
53
41
-24
-37
89
-68
42
7
-12
58
-56
24
-51
-41
1
-75
55
-57
-67
-42
-29
-72
46
23
-45
-80
76
-4
-23
76
-1
19
-58
82
15
25
31
27
-24
34
2
80
-6
17
-34
16
28
-9
-48
20
-8
76
-38
96
26
-73
-66
-42
98
-100
-80
79
81
-71
81
49
-80
-20
-72
56
51
53
43
10
-59
-85
-85
-76
-19
-58
53
58
78
-39
93
23
21
-78
-3
-23
43
7
-44
-49
98
-34
-38
51
61
-79
22
30
-24
-84
58
68
-10
-4
79
-19
25
-74
82
-27
-53
-79
-8
-55
51
-46
-18
-90
12
18
-80
-8
-16
-34
51
19
42
-14
-65
82
33
-22
-28
-70
-80
-41
-51
-54
98
-5
66
9
27
25
-9
-61
1
59
74
1
9
-86
34
-67
-1
12
-85
39
21
93
14
-25
12
-84
-20
64
-23
56
67
-28
-74
72
-94
25
-55
-100
-26
-64
-30
91
-1
-97
62
-95
13
10
1
29
92
90
88
-27
-50
49
-68
30
-9
65
67
-61
-12
81
64
49
45
-29
-37
-18
-15
21
43
84
-23
18
-81
-75
-99
-60
-52
-44
-22
0
-31
70
-35
93
-34
-69
-47
74
3
-35
28
-60
-83
20
96
-30
-37
67
-75
-75
-82
-78
35
-98
79
41
13
30
-45
78
74
28
-55
68
5
-41
-27
56
-11
16
-91
48
46
34
-64
91
-50
-7
-50
-41
-36
12
-55
-93
10
-71
75
57
-85
-92
83
7
-57
-61
-41
-29
44
73
-43
-39
-41
93
-4
18
56
-34
-3
-94
44
6
-1
38
43
-97
-32
-7
-79
-42
-65
-94
-54
-77
62
59
30
-86
-50
96
-35
81
-54
-47
76
-18
85
94
85
-35
96
-73
-59
83
28
13
-58
90
37
48
-99
97
-81
-82
-90
-82
-30
85
99
-61
97
-99
44
3
41
-59
-96
-1
85
40
-23
-6
-50
-28
22
13
-57
31
82
47
14
-66
-95
53
78
67
-45
-62
50
50
57
11
21
-56
61
34
-59
33
54
-12
93
-52
48
-23
-63
77
-30
-40
29
96
41
-68
14
-12
58
8
10
-28
-3
-14
-53
53
-67
-98
38
-52
3
66
42
88
-30
-55
44
71
78
-9
56
16
62
24
-31
84
-80
-19
-31
1
83
-76
-19
52
56
-70
72
-37
-86
-72
-48
93
-92
96
-51
39
18
-86
61
43
-89
-49
-28
70
-99
9
89
-81
12
-67
92
79
-47
-10
-28
2
0
-33
-27
88
-3
-51
62
47
-45
7
-80
97
-57
75
43
70
23
-74
35
78
52
-73
-17
85
15
16
18
59
72
-14
26
-41
41
5
14
7
-47
65
77
-89
-28
-77
73
-13
-96
23
-77
43
34
-1
40
-14
-81
69
-64
-45
-1
3
-73
17
91
52
13
-8
-57
-18
48
-11
34
95
-31
7
-85
9
-20
65
6
44
57
-98
-44
46
79
15
-63
65
-96
67
-58
-71
56
52
-42
16
95
-46
-2
0
-34
22
38
45
22
13
52
37
-93
-41
-72
84
80
-93
-7
-72
37
-15
-18
6
91
11
89
39
39
89
-18
66
37
-81
90
87
-4
-18
15
61
71
-12
-85
81
60
-40
39
-91
45
-2
-11
-72
28
59
-21
55
60
-2
-19
-72
50
-45
47
-42
83
61
87
-34
54
-40
-95
-11
2
-24
-76
52
-30
65
2
-23
37
-100
13
19
-93
-14
-52
73
16
8
-11
72
5
15
-68
-56
-60
7
-78
73
-95
32
-15
87
-39
69
-93
-97
26
77
35
21
-55
-25
91
28
67
25
4
-23
-29
69
-68
-92
-38
-23
42
-61
45
-14
-51
77
-96
-60
58
-80
49
-73
4
-88
-41
66
46
-27
-56
-27
-100
15
-6
-90
8
-31
49
98
16
47
-89
21
-68
29
-46
-56
-3
-27
-64
46
33
4
77
43
-77
50
69
-71
-72
85
-83
25
-68
-39
35
-62
19
54
62
-55
11
37
87
-10
-97
-8
-1
-34
38
70
-13
-30
-62
-81
-13
-20
-35
26
8
9
28
-15
-37
-9
24
21
2
-20
-14
12
77
88
-13
51
-25
-95
-18
65
-48
-87
-99
19
-73
-50
15
37
-99
-43
-44
59
-11
20
-17
93
-49
-5
66
32
-53
70
88
71
-93
82
-45
45
42
-7
-26
45
48
44
-36
96
-49
68
63
50
-72
-60
-35
-70
23
-73
61
-84
69
2
71
77
75
-51
-54
-70
-12
-45
-9
22
-36
83
58
-42
-19
-13
-64
34
96
-88
-52
-6
-48
-59
-52
66
66
-75
-55
-100
-88
-34
-12
-23
-75
84
-13
35
36
-89
90
26
33
-21
47
-23
1
-78
-42
-12
13
-48
67
40
24
-14
54
-49
-94
43
55
71
-98
37
91
22
-10
-23
-32
-43
-18
-61
98
-11
94
84
48
10
-64
-75
96
-77
-86
54
95
-6
-2
8
93
14
-44
-19
-91
75
65
2
-54
-69
0
5
84
-37
95
17
-38
-92
21
19
-78
-75
-80
-87
76
-30
-61
46
-44
74
-4
-12
70
98
-29
6
92
98
54
41
-13
49
1
15
-68
51
83
-25
62
-77
-19
-76
8
61
75
-48
-20
-83
68
-11
48
-66
87
25
94
-88
99
83
-6
-39
-71
6
76
-10
-43
-15
-21
-81
-74
-96
26
77
71
-37
-1
16
-74
32
94
-95
74
-57
84
-88
98
59
71
51
-7
-40
-37
-28
21
-83
23
46
62
80
-34
-92
36
-24
-94
38
-95
19
19
-39
61
-20
-68
9
-72
24
-57
37
-77
-74
-97
-89
-8
65
34
7
-65
-61
82
-100
18
47
-31
22
8
-45
2
74
-74
32
55
3
12
8
92
90
-85
-69
-22
57
-76
54
56
65
-60
-95
60
54
-13
-78
7
12
-52
51
55
65
-57
77
38
23
-6
80
7
67
-2
0
49
-81
30
53
-4
56
-22
7
-8
-11
-39
68
28
37
-83
-40
52
-53
72
32
-3
-31
-91
11
42
94
89
-99
-32
-34
25
17
70
20
-19
-62
86
-18
-87
-98
65
45
-36
96
31
-48
41
-16
-36
-12
43
17
-34
-14
78
47
26
21
-40
-85
38
-2
-41
-3
81
46
60
-3
63
31
44
-19
25
-41
16
87
-39
66
90
62
11
76
-80
11
94
64
-99
63
-86
-97
82
-72
-84
32
-100
98
53
-40
-73
-21
33
-57
57
-78
-6
-25
-7
29
-35
57
29
78
84
-2
3
66
26
-18
56
62
-18
81
52
-10
15
-32
86
-45
22
15
19
23
96
73
66
80
-94
-24
99
72
-25
47
-2
-67
61
-50
81
57
-82
2
-63
-48
34
-82
-8
-7
-22
90
79
76
39
-18
-45
-74
-7
19
92
-20
4
-90
3
65
4
82
17
-35
41
-55
-92
-19
85
-66
-84
-63
-93
10
-76
7
-62
42
-43
41
78
57
84
-100
24
7
19
88
11
14
-92
47
-41
4
90
36
-44
90
-86
90
4
-8
-57
46
35
98
-52
66
2
-61
-31
54
30
61
-24
-67
-32
98
42
-15
61
91
35
-12
14
66
52
-3
-46
-75
95
-29
-42
-22
-28
-23
-89
9
18
-58
-73
-85
50
-96
83
77
93
-100
-19
17
70
-28
-67
-95
-70
-11
10
8
-68
-76
31
71
-91
13
-16
65
73
96
67
-100
-92
16
92
93
67
-7
-7
94
63
22
-68
-90
67
20
-73
-43
-9
-98
73
-54
46
-75
-26
20
-54
-52
-90
-95
-80
30
-20
-58
45
92
-90
92
87
-81
-92
3
32
-74
73
-82
-19
45
71
90
30
-30
39
-12
-42
5
-19
-74
-31
-61
-38
6
-35
7
-4
92
-95
-50
-56
-75
59
5
-24
-79
30
97
95
13
-64
-93
72
77
-71
-82
-97
26
-25
30
39
-36
-57
63
-13
-68
-98
-33
-40
49
-99
49
-25
-27
19
63
-71
90
-4
43
27
-65
39
10
56
-71
-42
6
46
80
62
-66
32
-25
78
-44
-37
47
-67
10
-19
-23
-92
58
-49
-26
74
41
99
53
-34
47
-88
63
-41
-82
42
-53
24
29
-49
81
87
16
-28
13
-76
21
-34
-85
-97
61
61
41
-30
61
83
77
-98
96
74
-61
1
75
75
83
84
52
-78
-66
27
32
-81
-93
22
-56
-8
50
-83
63
-71
-21
-56
-94
-18
-100
92
-35
-25
54
1
-90
82
-13
-8
80
23
-66
-22
-25
-4
-50
4
66
33
-96
63
2
-90
0
-77
-3
-40
-11
44
-65
18
-66
-36
87
80
53
-88
89
63
78
-81
61
89
-13
-75
67
44
96
-18
72
-14
62
-35
74
-69
46
52
77
-10
-85
-26
23
-65
-68
72
54
-22
-75
-41
-4
13
2
51
-36
-4
95
-24
-92
-58
-33
-27
-50
-3
-25
61
45
-13
21
99
64
95
26
27
-26
-41
82
4
31
0
-44
-71
51
81
-54
71
81
-67
-17
-16
-34
94
95
5
-56
71
8
59
69
-70
75
-75
37
41
71
-65
-31
72
2
-94
-50
62
-51
51
98
69
-53
-89
-30
-17
-83
89
-43
-48
13
75
25
91
93
3
-88
77
-84
92
86
-3
-60
30
98
93
19
80
71
-94
59
-54
-75
-2
16
71
-63
-25
46
-65
-18
-95
61
18
-2
-74
-14
-80
-23
30
-5
62
-64
33
62
84
31
-31
-82
1
-91
29
-84
-81
33
-16
62
-76
-46
89
-74
45
51
83
90
-49
34
-52
11
88
-76
-38
76
87
79
-15
-39
-28
90
-86
73
-78
-75
-2
50
9
-15
56
96
-88
51
16
-55
80
-46
-61
-56
44
42
-72
-5
-27
-11
-11
84
-47
54
-16
57
27
89
51
-88
30
-14
38
-62
-6
88
-96
-54
98
70
-48
27
52
70
-91
75
-41
-30
-18
-48
3
1
44
54
42
18
-69
26
-83
-49
-97
-11
-87
-55
-52
48
-88
-84
-35
17
-69
-33
22
80
61
59
85
64
3
-27
-85
-83
-80
50
-71
94
-27
-98
-19
-1
-35
-47
-100
87
79
-58
1
-56
-3
-48
-60
48
-63
-36
-2
35
7
62
-40
59
-27
89
-5
13
22
-66
-14
49
-25
-65
91
78
-15
-47
61
63
45
12
28
-50
21
-23
31
-28
-89
87
35
58
-91
-39
64
-2
-1
-89
-79
-26
91
72
-95
50
82
-7
73
-15
67
-60
54
91
-19
32
-33
54
14
-7
36
8
-63
-20
81
-25
60
74
90
64
-73
30
98
-46
80
4
60
38
-84
47
-70
30
-80
-33
-13
39
14
-42
-90
-92
74
-34
-91
-72
28
89
-74
-89
-72
-21
27
2
-79
-40
-15
38
-12
-66
-27
-16
-64
-82
-46
-41
84
93
24
45
-63
57
22
-61
62
19
-48
-63
3
72
-29
39
-99
98
-59
-6
79
49
98
38
98
26
98
85
27
66
70
33
75
42
-71
-28
-60
86
35
-95
-10
-5
7
86
74
-67
23
49
78
58
-2
36
-25
71
-45
-2
-99
-99
5
55
8
-81
-78
-32
56
34
74
-75
34
57
24
24
46
76
8
12
-91
-19
-29
-86
48
-16
-24
99
84
28
-2
82
42
-95
-28
-3
-77
72
65
72
56
57
47
-58
47
6
25
-42
49
-6
86
22
-63
-84
-42
-98
-25
-42
9
43
-93
-27
79
6
85
12
10
-96
64
-47
-57
-67
-49
-100
-84
83
23
-8
67
-11
-51
-17
-12
-56
1
30
73
57
7
90
27
-24
38
-83
35
78
-86
-63
-22
63
-36
40
49
11
89
77
-67
55
95
-5
34
18
-84
-47
56
-89
-7
46
-45
39
-44
54
92
16
-5
-39
-19
-35
44
-76
26
11
-78
47
-69
78
-63
-22
-42
94
82
-35
81
-79
-37
58
-91
-50
-10
-31
54
43
89
-16
-97
68
21
69
-70
-31
-64
-47
29
-70
6
27
48
-95
-20
30
-45
69
-3
-48
37
-50
-99
96
-26
-94
11
-78
-98
3
99
51
55
-54
65
-92
29
44
90
69
79
-89
92
23
37
-78
62
13
32
47
10
32
-63
53
-1
30
-47
38
4
47
56
-63
86
27
2
53
18
27
51
-52
70
90
-85
-81
65
-8
5
-69
59
84
41
-24
23
-70
-7
98
62
-88
-87
86
69
-15
-72
-13
14
5
59
58
-100
69
80
-45
-1
-26
-57
-67
16
-62
53
-62
-65
29
-38
-67
-40
-62
19
49
-92
83
-86
-41
75
-17
-39
-5
-26
83
-91
44
35
64
71
-98
-69
12
-74
78
-3
-96
56
65
21
-99
8
-95
39
-28
73
5
29
97
72
-100
33
-29
31
-98
92
-37
94
87
-20
78
28
33
44
96
-76
93
37
79
35
-27
-62
89
-83
-47
-38
59
-57
52
-1
-56
-1
66
-77
-86
39
64
-86
31
81
-32
98
-5
12
88
15
6
-11
70
-13
-30
41
90
90
44
-34
24
-12
-44
-54
96
44
2
35
-52
-43
-9
-11
-18
61
-83
42
99
25
20
27
87
23
67
45
54
51
-73
23
76
41
-94
-48
-29
-63
67
-35
-1
41
13
0
87
-4
-57
-44
-23
-88
-39
53
-54
94
-91
84
58
58
25
-88
0
-6
40
-48
55
83
95
21
76
-50
75
-75
19
-94
60
-54
45
83
54
73
64
-23
-91
-11
27
91
2
12
-91
26
-50
-54
-55
-86
-15
41
39
-29
88
-54
10
46
-71
-75
-47
67
12
-75
-83
-57
0
87
54
-30
54
16
82
-66
46
6
51
76
13
-9
-20
25
-48
-82
-48
-2
-97
-36
-57
-43
-56
-70
5
31
63
-99
40
-46
24
-85
39
88
-39
-47
74
-93
54
87
-46
-12
-86
11
-51
67
-42
42
-91
8
50
5
31
-40
22
-80
35
-21
99
-10
61
26
-22
8
30
-41
-56
-4
-25
-60
-10
10
4
-99
65
-62
-15
58
-46
-79
-100
-84
12
35
-82
-31
-100
-30
-57
-29
50
-12
-11
-46
68
51
33
-46
65
-35
30
-9
73
-68
62
-35
62
40
-61
60
-90
80
-41
-56
48
-16
-7
-50
-55
-19
-67
-53
34
27
-50
71
-80
-17
42
86
-9
48
-62
-81
92
-56
-43
-98
46
-39
-16
-20
87
-29
-100
-98
37
-54
-61
-29
-49
12
56
62
-82
63
99
92
-13
25
46
-1
-73
-70
-16
-95
58
67
75
-75
-21
-14
3
-97
17
-59
53
-13
-28
12
65
-14
-45
-29
-98
-22
27
53
-39
-99
-32
-76
-86
-39
3
-83
27
72
-16
41
45
37
51
-35
-72
-57
-25
-13
-9
-21
74
17
-10
-31
-64
-49
98
-39
83
63
91
14
-4
-3
16
88
32
38
-65
-48
58
-67
79
4
41
15
-4
-22
-2
-24
62
-7
-60
-65
-41
-5
60
-12
7
-56
75
50
-90
-92
-21
-40
-67
-25
-13
-95
-63
-99
20
-37
-19
-44
65
-99
-46
-29
81
97
-18
59
-3
73
-41
-91
56
-91
-38
58
-80
99
-91
-86
-80
24
61
12
-73
-62
-36
-44
-47
-32
-62
10
-65
65
87
55
53
17
-45
-37
-79
74
18
-22
-77
-65
55
77
37
60
-60
-76
-40
17
3
97
8
5
-91
-8
-83
39
-84
74
0
-48
46
1
-26
45
-71
-50
44
8
5
62
63
-43
51
-93
-10
58
-96
70
-97
-8
-11
90
-6
-17
-73
-67
-34
78
-18
8
-10
-17
-52
-27
-88
80
-85
-17
-86
38
19
-51
-63
44
40
-87
87
42
-4
-91
0
-31
46
-75
97
-46
-50
95
-74
-26
51
-1
-89
-88
20
-97
-34
-81
95
52
79
8
57
52
-100
16
11
99
-36
62
-19
84
-24
71
-47
84
-86
-29
-49
-5
74
-11
-55
4
-74
-95
-30
44
37
5
39
-49
88
10
-54
-11
61
76
-33
-68
-78
-12
38
95
-30
87
36
60
-57
23
-35
-20
-59
-25
74
83
-17
28
-46
-49
0
-17
-87
-11
23
-17
-54
-81
-72
-60
-78
-31
-77
-58
43
-13
52
-20
89
17
-82
72
5
46
92
31
-13
96
6
-33
-30
-100
-92
-7
-89
-54
26
-19
-90
43
-48
-75
-25
-97
45
-46
-63
3
-96
-86
61
-17
-14
-44
50
-50
-5
74
-56
-74
7
12
-5
24
53
-74
-50
-15
-76
71
73
39
98
-62
65
7
99
34
-29
-45
-46
55
-99
-86
-73
-51
64
15
5
-29
-43
91
15
17
43
-75
62
10
-86
-24
9
9
96
-50
-14
32
22
64
89
-92
14
-41
-97
-52
-45
53
17
-8
-52
-43
55
-9
-98
1
40
-80
77
-63
60
18
-97
-31
70
-57
-18
36
-13
-53
80
77
11
-85
-3
92
-5
48
12
-99
-27
90
57
-28
-59
25
39
77
88
95
-58
-16
-69
50
-39
-23
29
37
-88
77
-86
-26
93
89
78
34
60
-3
50
29
-85
6
-51
-34
-28
57
-70
-74
-20
-30
18
25
41
-12
94
-11
-4
-28
-68
-17
40
94
99
14
7
-95
28
-25
48
-26
-65
71
-66
67
-89
-25
64
87
11
-87
-8
-34
-94
-23
-5
-37
58
23
-92
-27
-67
25
13
-30
-39
46
-45
89
-29
5
-44
84
-57
-45
-40
26
6
59
81
42
52
-9
-7
-45
-68
-27
31
1
-45
-90
-3
9
-2
72
-56
94
81
50
29
-28
22
47
-43
50
13
12
-3
93
-74
76
28
-25
-80
44
-87
94
53
16
-79
-16
28
-61
58
-84
-14
-66
-81
-100
-97
-72
-55
-88
9
99
-42
-100
-33
95
40
33
-93
80
36
-32
-52
-61
70
-78
-81
-10
-58
38
82
92
33
-86
-90
80
-34
34
46
89
-70
-65
-32
-20
-29
-42
-42
56
-66
-71
-87
90
30
19
20
-48
-86
29
88
-77
-79
78
49
13
12
-33
-76
34
-80
-44
-61
-12
-2
14
-25
14
-95
-43
25
26
-4
-37
29
38
-59
-76
-53
-40
58
65
-45
-54
-66
36
12
50
-64
-74
-6
-64
41
68
18
-86
64
88
-85
-99
-13
-84
34
-71
-12
57
-39
-25
-66
-43
-42
-1
-46
59
-68
-15
-86
61
0
-67
97
-52
-14
-17
-34
8
-50
34
59
27
70
-91
14
-17
-74
26
-37
88
-29
43
76
-36
-7
-8
54
-17
-65
-45
17
92
73
-35
44
5
90
1
-6
-69
-28
46
37
9
-90
-78
-51
51
16
49
77
-12
-98
-91
75
21
55
39
-62
-31
57
-92
6
29
98
-12
35
-35
13
-13
89
73
40
34
-64
-33
-50
32
-75
-77
-67
-23
-98
25
-58
17
-32
-30
-91
90
-86
-76
-12
8
-19
60
16
78
50
8
-89
42
88
55
-91
35
-95
49
-46
67
-56
11
25
-17
18
98
79
-5
-10
89
6
2
-23
-50
-58
-77
-54
30
23
-40
-57
-71
-59
56
35
64
72
-12
85
-21
-34
95
69
95
-64
-10
61
-84
-2
-49
-7
-43
88
-91
-43
49
66
89
-46
-74
74
-59
-3
13
-15
-53
84
-72
-76
-70
-18
48
31
-40
-27
36
-27
83
74
-85
-83
-7
-26
66
-36
71
65
-95
-44
-2
33
64
94
-70
40
48
-31
53
1
-36
-66
41
89
53
87
66
-73
-27
-28
-63
-49
83
-94
5
-15
-3
41
-93
72
-60
56
47
-86
25
39
67
-53
69
-56
-76
-34
-74
50
52
-95
54
-92
-79
-12
78
-29
13
6
63
-88
7
-68
9
-47
46
-41
36
-22
70
33
-12
-16
-61
59
-70
-54
-86
-58
-35
-44
7
-76
-97
17
89
90
67
-28
42
85
69
3
43
45
-86
-95
92
-21
-2
-65
-24
66
85
-26
7
93
-39
91
-19
21
2
55
-25
-27
-85
-62
38
76
-47
-44
5
30
23
79
85
-24
-84
-84
55
86
-26
49
-71
10
-8
20
-30
43
-97
95
79
32
58
32
24
-89
-80
83
-67
-17
27
6
-63
-42
-86
89
41
80
76
-80
-98
53
24
94
69
37
-70
-73
88
-86
24
19
-90
-54
-6
58
37
88
-32
72
32
70
93
15
75
-47
17
-29
-61
81
45
70
-21
-60
32
81
81
-58
22
67
95
-82
31
89
77
96
54
-14
51
98
56
-66
-60
-2
-4
-45
-9
-77
90
11
63
0
68
-43
-62
-65
33
94
-81
-79
-8
-76
-88
3
34
-1
-17
-3
32
52
85
11
-93
-57
94
10
-85
-11
0
-32
87
-100
65
-24
-29
-81
48
-31
72
73
52
-5
-59
53
66
13
19
-56
90
53
-10
-92
-64
93
15
-55
-40
-2
-10
-14
-22
-92
85
74
38
-34
-96
73
-95
-88
-23
95
-3
-1
-8
-61
54
8
-9
-32
-31
-83
-21
-3
15
-11
6
-41
95
-65
-54
30
42
43
96
-31
40
-35
-74
86
32
7
-73
-54
-68
-23
69
81
-53
-72
-47
11
64
-80
-21
84
-97
23
61
-91
-40
80
-63
-12
84
-56
67
13
-92
17
82
19
73
9
-80
40
87
-90
-32
28
2
72
-49
53
-54
-77
-93
-84
99
-65
48
8
93
62
-31
-31
-29
97
92
82
63
-9
-10
-92
74
-85
-58
92
96
1
-74
32
-22
-42
-77
67
37
73
5
82
88
-55
-30
50
92
-12
-82
-15
60
-80
-3
21
-61
50
16
-36
-44
-54
38
-78
-75
47
98
17
-19
4
-30
-72
-44
94
-80
-86
42
17
-71
-31
55
54
82
-41
10
27
83
9
-75
-9
-52
-72
45
-96
75
-74
72
43
88
-54
-73
95
-48
-89
43
79
21
87
-100
-30
39
-9
76
-87
83
40
33
84
-39
-62
-70
-87
-36
76
-71
-54
75
-28
23
10
-60
15
-51
-44
64
-42
30
-1
98
-50
82
-30
-31
-46
-51
-72
-92
7
71
-8
21
44
-60
-76
-42
-20
-45
44
64
-39
52
-65
-37
-98
91
77
24
-15
-47
91
-14
-85
81
-45
-62
-51
40
-16
-70
-14
5
-77
65
67
-87
13
45
75
40
34
-89
15
-27
14
32
25
68
95
-62
-54
72
-2
41
-23
29
75
80
93
-56
92
31
-54
-14
-23
58
11
75
63
86
45
91
64
92
-12
20
60
72
-27
-92
-90
3
-98
-1
92
-60
-19
1
52
-43
76
80
-64
25
22
-64
46
44
89
-16
-65
-69
-8
9
98
3
-13
95
68
61
-19
16
-27
-50
-62
-86
-6
-91
91
41
75
6
32
-82
33
-12
-48
-37
-2
-53
8
-94
88
-6
22
-58
91
39
-72
-7
-46
85
38
-52
2
89
-15
-99
-77
-94
30
83
-76
-17
-69
-19
-78
-78
-43
48
21
-30
92
-33
23
-58
-61
-91
33
-35
-97
-18
-77
-69
36
-69
24
-66
47
-36
20
-33
-53
24
-69
-29
-85
88
24
-79
73
-46
-18
30
-87
-62
6
-44
-99
-38
14
-71
29
73
-14
52
50
-62
98
98
72
-37
56
-49
86
70
20
-88
-69
85
-34
-92
79
6
95
-5
-29
-18
76
-81
-98
82
16
-57
4
96
12
19
69
-52
-50
33
88
47
4
-43
-14
-47
-21
88
-41
95
-56
96
-68
-32
-86
-35
-82
-31
74
19
50
-24
9
91
98
62
-60
-52
-15
-74
46
-1
-21
26
83
0
-100
44
-36
-32
-28
58
-53
87
35
91
-84
87
-26
86
7
36
-26
9
-26
16
-94
15
71
3
-95
-29
-57
-1
78
-31
-7
81
72
36
-6
28
36
58
58
31
33
19
34
79
-32
40
36
87
94
-71
-85
-69
-24
47
-48
77
74
0
-90
22
-12
32
19
-66
-15
-99
11
71
-11
-77
74
59
18
-51
-90
87
87
-99
-49
-97
38
-5
-52
96
-88
42
19
4
48
88
-91
-56
40
-52
-68
-70
-12
1
-15
-34
-55
25
54
0
-71
-27
53
83
-49
80
-29
-32
41
-12
-99
35
87
-20
-75
-97
86
8
49
73
73
-89
-24
25
28
-57
2
45
-98
-8
-5
73
-84
-2
-21
-23
-4
-59
-83
-97
-84
-41
-86
15
-57
-79
41
39
65
-92
54
20
32
30
-84
96
-41
-95
24
72
15
-84
-92
-78
68
-35
-68
43
-30
72
-80
78
3
-15
-42
57
46
93
4
18
-68
54
15
7
-38
62
-61
2
-41
91
-56
11
-87
-55
-3
87
88
45
-85
-81
-2
21
-87
59
-31
5
-65
77
-25
-20
97
75
-99
-91
26
-52
20
-39
50
-61
72
34
14
-31
94
-53
91
85
74
19
-74
71
-86
-64
90
58
-93
0
-17
39
78
98
4
6
70
59
-86
-80
56
21
-100
24
-17
98
6
-49
60
70
1
95
31
-86
-80
31
-100
93
-38
-83
44
-75
-36
43
-57
67
26
72
43
-100
-54
62
-12
-20
70
-37
-32
38
